0.31623	-0.27867	-0.5	9.943e-17	0.21758	-0.037204	0.55991	0.4286	-0.12739	-0.10096
0.31623	0.43516	-1.0535e-16	4.6205e-17	0.55735	0.15897	-0.072387	0.080076	0.25841	0.54434
0.31623	-0.27867	0.5	7.1675e-17	0.21758	-0.11301	-0.41967	0.51811	-0.064997	-0.25188
0.31623	-0.27867	-0.5	9.943e-17	0.21758	-0.042281	-0.52371	-0.46864	-0.0018178	-0.1712
0.31623	-0.27867	0.5	4.3919e-17	0.21758	0.033527	0.45587	-0.55815	-0.064207	-0.020291
0.31623	0.27867	2.749e-16	-0.5	-0.21758	0.40044	0.065862	0.007218	0.37317	-0.47011
0.31623	0.27867	3.3566e-17	0.5	-0.21758	-0.55866	0.095356	-0.040038	0.40545	-0.19446
0.31623	0.27867	-2.7261e-16	-0.5	-0.21758	-0.47992	-0.029668	-0.047256	-0.50237	0.19794
0.31623	-0.43516	8.3678e-17	-1.9429e-16	-0.55735	0.15897	-0.072387	0.080076	0.25841	0.54434
0.31623	0.27867	1.058e-17	0.5	-0.21758	0.47918	-0.059163	0	-0.53465	-0.077709
